0.079545455
0.475862069
0.447368421
0.08045977
0.043678161
0.220689655
0.055172414
0.122988506
0.076344086
0.047311828
0.139784946
0.083870968
0.105376344
0.053427419
0.041330645
0.050403226
0.044354839
0.096590909
0.056818182
0.060606061
0.056818182
0.03030303
0.046401515
0.051136364
0.049242424
0.054367201
0.054367201
0.034759358
0.448306595
0.065953654
0.059714795
0.090756303
0.029411765
0.060504202
0.102521008
0.031092437
0.030252101
0.141176471
0.09047619
0.125396825
0.028571429
0.036786787
0.046546547
0.035285285
0.051209104
0.073549258
0.049932524
0.06474359
0.035897436
0.080769231
0.048076923
0.045512821
0.024390244
0.051829268
0.02804878
0.031097561
0.04695122
0.132926829
0.118493909
0.063953488
0.03236715
0.021719858
0.040336879
0.090425532
0.057624113
0.020833333
0.026152482
0.091312057
0.02748227
0.057624113
0.107269504
0.054078014
0.046099291
0.026152482
0.078014184
0.023049645
0.041223404
0.082003546
0.136968085
0.058510638
0.04787234
0.03856383
0.053634752
0.070921986
0.142730496
0.03679078
0.140957447
0.042553191
0.056737589
0.120567376
0.380319149
0.052748227
0.066046099
0.11037234
0.07535461
0.075797872
0.08820922
0.093085106
0.125886525
0.266400709
0.242021277
0.189716312
0.077806122
0.412891986
0.050497866
0.041025641
0.068067227
0.067816092
0.115873016
0.105263158
0.08615222
0.091954023
