2.545454545
13.8
16.55263158
2.333333333
1.266666667
6.4
1.6
3.566666667
2.290322581
1.419354839
4.193548387
2.516129032
3.161290323
1.65625
1.28125
1.5625
1.375
3.090909091
1.818181818
1.939393939
1.818181818
0.96969697
1.484848485
1.636363636
1.575757576
1.794117647
1.794117647
1.147058824
14.79411765
2.176470588
1.970588235
3.085714286
1
2.057142857
3.485714286
1.057142857
1.028571429
4.8
3.166666667
4.388888889
1
1.324324324
1.675675676
1.27027027
1.894736842
2.794871795
1.897435897
2.525
1.4
3.15
1.875
1.775
0.975609756
2.073170732
1.12195122
1.243902439
1.87804878
5.317073171
4.976744186
2.75
1.456521739
1.020833333
1.895833333
4.25
2.708333333
0.979166667
1.229166667
4.291666667
1.291666667
2.708333333
5.041666667
2.541666667
2.166666667
1.229166667
3.666666667
1.083333333
1.9375
3.854166667
6.4375
2.75
2.25
1.8125
2.520833333
3.333333333
6.708333333
1.729166667
6.625
2
2.666666667
5.666666667
17.875
2.479166667
3.104166667
5.1875
3.541666667
3.5625
4.145833333
4.375
5.916666667
12.52083333
11.375
8.916666667
3.734693878
16.92857143
1.868421053
1.6
2.314285714
1.966666667
4.055555556
4
3.704545455
2.666666667
