101.1346714
202.6915345
160.0318106
89.3787116
26.69080068
43.83312441
62.14353952
89.47227479
51.15197512
110.9837224
0.74044201
153.6632379
196.1218921
1.038619935
69.37998988
82.8117183
112.2638171
73.96536106
169.0884313
110.753893
183.8399763
184.2811975
146.3239028
121.3852774
142.1991365
65.49375719
45.32867161
79.18063881
143.0920185
178.8568915
178.853492
97.54301461
41.93881501
42.4146796
69.87018173
105.5132471
51.67868216
168.317193
72.4577447
7.646576476
79.74935779
135.1390157
68.00381022
81.36717668
97.72365851
9.49247268
115.2272509
133.3239241
118.1185012
152.0361063
120.869094
13.69950875
123.9328852
22.03978483
143.0819349
138.8543514
148.3271861
143.8525645
94.91726125
103.3638636
131.5184116
172.0684351
126.7253913
126.6972109
126.6972109
126.6972109
126.6973072
126.6972109
126.6973072
126.6973072
126.6972109
126.6978489
126.6972109
126.6972109
126.6973072
126.6972109
126.6972109
126.6973072
126.6972109
126.6973072
126.6973072
126.6973072
147.5305592
126.6973072
126.6972109
126.6972109
126.6972109
126.6973072
126.6973072
126.6972109
126.6972109
127.355998
126.6973072
126.6973072
126.6973072
126.6978489
126.6974036
126.6973072
126.6979452
126.6979452
126.6973072
126.6972109
124.1151827
116.0037201
146.1405963
97.3045839
67.20690703
79.94765774
3.585250768
14.05051546
47.30617544
22.904262
