5
7
10
1
11
1
4
9
6
4
5
2
3
2
1
4
12
3
9
8
10
6
5
5
3
4
4
9
9
10
3
11
2
15
18
17
16
25
11
2
7
17
47
14
11
31
3
33
20
16
7
31
2
2
14
7
2
2
13
6
26
8
18
6
2
22
3
5
7
9
12
14
10
5
3
6
4
1
4
1
1
1
1
1
1
1
1
1
1
3
3
17
5
19
26
8
8
10
37
5
27
21
21
19
47
8
3
6
1
59
3
19
6
4
2
26
83
8
14
16
16
15
21
38
45
26
38
19
11
7
6
49
20
34
24
15
2
2
14
2
2
17
10
8
13
12
26
18
9
2
27
18
11
29
17
7
12
7
17
23
9
12
9
14
32
38
24
7
5
13
27
15
25
2
17
30
8
25
26
17
25
18
18
17
5
9
8
11
12
8
11
9
10
9
9
7
4
13
4
8
8
7
6
8
7
2
2
17
23
28
16
6
6
7
6
6
7
6
6
5
6
6
6
7
6
6
7
7
6
7
7
10
15
15
15
10
15
15
15
15
18
15
15
15
15
15
3
1
3
3
3
2
3
3
3
3
4
3
3
3
2
6
3
3
3
3
2
2
3
2
3
2
3
3
4
3
2
2
3
4
3
1
1
3
1
1
3
3
2
3
2
1
1
1
5
5
6
2
1
1
1
3
1
5
2
3
3
2
2
1
1
2
6
1
4
4
2
1
8
8
4
3
1
2
2
2
2
1
2
1
4
1
2
2
1
1
4
1
1
2
1
1
1
2
2
2
2
1
1
1
34
23
7
7
21
7
7
7
7
7
7
7
7
7
7
6
7
7
6
6
3
6
29
29
23
3
19
29
1
2
21
2
2
2
2
2
2
3
2
2
2
2
2
2
2
2
4
4
4
1
5
5
5
2
2
32
28
28
28
24
24
16
16
16
22
16
16
16
16
15
16
16
16
15
15
15
16
11
15
28
28
32
32
32
24
19
32
26
4
3
20
20
3
6
3
3
3
3
3
3
3
3
9
17
3
26
21
22
7
7
7
19
7
7
7
7
7
7
7
7
4
7
20
17
20
4
2
2
15
15
3
3
2
3
2
2
2
3
2
2
2
2
2
5
1
1
4
2
25
24
24
27
9
9
9
24
9
9
9
9
9
9
9
22
5
23
19
19
19
14
10
10
10
22
1
4
14
4
8
4
4
4
4
4
4
4
4
4
7
4
4
4
4
4
4
3
35
27
16
33
37
13
13
33
13
13
13
13
13
13
13
13
13
13
8
33
33
13
28
30
30
30
30
22
10
10
25
25
2
7
3
17
3
3
3
7
7
3
3
3
7
3
3
3
3
7
3
3
3
3
3
3
3
3
7
2
2
2
9
9
23
18
14
6
6
21
21
6
6
6
6
6
6
6
6
6
6
3
2
1
13
13
3
1
1
1
2
1
1
1
1
3
3
3
23
20
20
13
15
8
8
13
8
8
8
2
7
8
7
8
7
20
20
13
3
3
14
14
3
3
3
3
3
3
3
5
6
4
4
26
19
7
7
7
7
7
16
22
16
22
22
7
7
7
7
7
7
7
7
4
19
1
3
15
15
5
3
5
3
3
5
3
5
3
3
3
1
5
5
3
29
21
21
20
22
10
10
19
10
10
10
10
10
10
10
10
7
10
21
21
21
6
19
3
3
15
15
3
4
4
3
4
3
3
4
4
3
4
3
1
1
4
13
29
28
25
28
9
9
9
25
9
5
9
9
9
9
9
9
9
9
9
5
9
28
26
23
23
23
17
4
1
4
19
19
4
7
4
4
7
4
4
4
4
7
4
4
4
4
4
4
4
4
4
1
18
16
15
13
16
16
17
17
7
14
2
2
2
2
2
2
5
2
7
7
7
1
7
7
7
1
7
5
7
5
2
32
33
33
89
84
87
87
88
91
132
137
145
163
107
163
106
136
53
111
59
94
194
60
214
165
129
91
90
58
159
90
197
85
139
121
151
151
60
102
82
86
148
144
182
207
193
157
114
115
116
183
74
74
178
213
90
164
163
164
164
169
104
104
104
89
89
89
89
48
118
88
73
123
123
123
123
132
68
102
68
66
66
66
140
135
135
135
137
84
133
209
167
167
110
96
141
211
149
246
140
13
13
13
99
28
17
142
12
12
27
40
231
12
12
9
46
29
57
71
71
213
152
221
204
297
95
90
221
37
25
140
120
68
73
52
25
58
68
53
117
52
93
112
20
20
20
20
54
8
14
19
19
27
74
74
74
39
86
101
83
54
15
28
36
34
27
60
45
86
77
79
34
28
28
85
30
41
41
21
51
54
58
62
83
107
21
44
19
30
25
36
27
33
16
28
28
89
89
89
38
11
17
15
107
76
76
52
133
135
168
70
103
104
104
104
84
72
61
61
53
32
42
37
30
63
37
109
85
71
95
131
113
190
146
67
44
128
118
107
83
90
65
77
61
58
62
54
59
61
74
36
88
67
46
17
19
22
15
11
11
11
16
8
8
2
7
33
53
7
28
67
61
56
56
59
37
37
29
20
4
26
20
20
81
81
81
81
81
81
81
81
81
81
81
81
81
81
81
81
81
81
81
81
81
81
81
81
81
81
81
81
81
81
81
81
81
81
81
81
81
81
81
81
81
81
81
81
81
81
81
81
81
81
81
81
81
81
81
81
81
81
81
30
30
30
64
64
64
67
43
42
42
42
45
47
42
46
43
42
42
48
46
43
42
42
46
42
43
42
42
43
42
44
42
42
42
42
42
42
42
43
42
47
15
15
15
15
15
15
15
15
15
15
15
15
15
15
15
15
15
15
15
15
15
15
19
44
48
48
20
30
29
30
29
29
29
22
22
22
23
30
30
30
30
30
30
30
30
30
30
30
30
30
30
1
1
1
1
1
1
26
26
26
36
6
6
6
6
6
6
17
29
28
28
31
24
6
5
4
4
4
4
4
6
4
4
4
4
4
3
5
5
7
7
1
1
1
1
1
1
1
1
1
1
45
24
37
110
17
33
33
24
30
157
57
26
51
36
11
19
14
37
45
72
16
198
42
12
52
35
115
52
15
26
58
16
7
48
28
20
36
107
96
45
9
23
126
16
16
7
16
24
6
24
6
18
16
29
21
31
39
27
6
13
20
13
22
11
2
125
24
44
169
13
16
20
28
22
19
26
9
16
15
24
32
16
29
17
17
107
15
35
15
17
24
18
16
11
10
20
7
10
23
17
10
35
24
18
19
15
13
15
14
13
20
12
22
30
13
110
9
27
19
12
6
16
26
12
18
21
24
14
14
15
13
15
8
15
20
9
18
18
18
16
26
34
20
58
10
17
18
16
5
13
12
17
20
12
16
12
111
12
18
24
9
67
22
13
16
12
24
22
7
9
11
17
16
13
19
7
23
15
20
12
12
20
8
26
24
23
27
106
21
22
9
29
16
15
34
13
20
21
18
42
23
10
14
8
9
10
22
13
18
21
9
16
12
24
113
13
7
22
13
13
15
15
13
15
14
21
12
5
5
2
2
21
23
24
13
17
4
4
16
104
29
13
45
12
70
30
49
48
14
14
9
20
24
9
10
2
17
5
5
5
11
5
10
10
6
5
6
4
14
6
5
7
7
4
6
6
4
4
4
4
4
5
4
4
4
5
5
12
3
4
12
8
8
4
4
9
7
4
7
4
7
2
24
9
14
14
44
9
43
20
25
13
2
18
7
7
4
4
9
9
8
10
10
5
17
14
10
6
6
4
6
5
10
10
7
4
7
13
5
13
5
5
5
5
5
10
4
9
9
10
5
8
3
5
7
16
9
5
6
6
3
5
7
14
46
11
11
11
5
5
5
5
8
16
29
45
14
21
25
7
10
12
4
6
2
20
15
10
10
7
5
6
11
11
8
10
10
4
9
14
14
19
6
4
5
9
3
8
3
7
2
2
9
55
54
59
55
56
58
53
53
53
53
54
18
18
18
18
18
14
8
47
36
73
42
16
25
26
36
16
18
46
17
25
36
36
36
16
21
32
17
17
17
16
16
16
16
18
26
11
11
11
11
11
12
11
11
11
11
12
11
11
11
11
11
11
11
11
11
11
4
4
4
4
4
4
4
4
4
4
6
7
4
5
4
4
4
4
4
4
4
12
4
13
13
13
4
2
3
2
14
8
8
8
12
16
10
12
10
12
12
9
10
9
15
15
15
53
58
22
22
17
19
16
41
22
29
10
11
39
15
10
10
9
15
24
51
39
42
40
39
54
46
50
45
39
40
39
39
13
43
55
25
35
15
7
34
61
48
81
22
38
18
19
86
66
89
32
9
28
26
29
48
18
31
55
67
52
58
12
68
15
24
73
38
14
93
16
93
32
34
29
32
41
25
21
17
16
20
28
61
34
15
19
46
21
35
26
137
47
21
44
28
8
40
58
34
49
29
27
54
38
60
73
147
32
60
66
127
87
26
64
107
91
17
56
19
58
8
33
24
139
129
27
30
83
88
115
60
6
12
7
13
21
9
10
6
14
18
15
15
15
15
15
67
29
53
38
28
28
28
28
29
28
28
28
28
28
28
28
28
28
28
28
28
28
28
28
28
28
28
29
28
28
28
28
28
28
28
3
53
9
8
13
5
38
41
10
9
15
3
31
9
15
15
15
15
15
15
15
15
15
15
15
15
15
15
15
15
15
15
15
15
15
15
15
15
15
1
1
1
1
1
1
1
4
9
1
8
2
3
10
10
6
8
9
6
16
9
6
9
2
14
5
4
3
3
3
9
9
9
9
9
1
1
10
24
27
35
18
25
25
14
21
7
6
3
5
2
14
8
16
17
31
26
19
24
24
3
6
2
21
9
13
10
18
18
18
15
16
11
10
11
10
11
21
14
13
14
10
18
4
2
1
3
3
11
32
32
32
32
32
32
32
32
3
2
32
9
12
13
24
24
32
18
16
13
4
5
3
8
8
16
22
3
8
6
5
9
13
13
10
24
27
28
22
23
17
17
17
16
13
11
16
10
10
10
10
20
15
19
10
16
3
2
12
10
30
30
30
30
30
30
30
30
30
3
1
31
31
9
14
15
6
14
12
12
19
4
4
5
11
8
8
19
12
12
13
13
13
10
9
10
13
11
14
6
1
5
5
22
22
22
22
22
22
22
2
22
3
7
13
13
14
2
13
4
2
4
1
4
27
11
10
10
10
11
21
11
9
11
15
12
11
10
13
11
11
6
8
20
20
20
20
20
20
20
20
1
20
23
6
13
28
23
33
22
19
19
17
6
7
6
2
9
18
4
3
33
20
16
10
10
18
17
16
14
13
10
13
16
12
9
3
8
22
22
22
22
22
22
22
22
22
2
22
1
1
4
29
7
16
15
20
21
20
29
26
13
3
4
5
6
7
19
3
2
11
14
10
12
12
12
13
12
14
12
8
10
9
17
17
10
12
9
14
1
1
5
2
8
27
27
1
27
27
27
3
27
12
27
2
27
17
26
11
17
4
13
7
11
14
10
2
23
3
11
6
6
14
12
12
6
6
9
6
8
6
12
11
8
10
3
23
23
23
23
23
23
2
2
2
22
13
21
8
14
9
8
5
6
5
8
2
3
7
6
3
7
3
7
7
7
13
5
7
5
5
2
3
6
19
19
19
3
1
26
5
23
2
2
4
13
2
2
4
2
3
1
2
1
25
7
2
23
23
21
23
21
23
3
2
2
2
1
1
3
12
9
9
9
9
9
9
9
9
9
9
9
9
9
9
9
9
9
9
9
9
1
9
20
17
17
3
18
2
2
18
2
2
2
3
3
20
3
5
1
3
17
1
1
17
18
16
16
21
16
16
4
1
3
10
13
13
13
13
13
13
13
13
13
13
13
13
13
13
13
13
1
3
14
2
2
19
4
2
1
1
5
1
19
18
19
3
20
17
18
18
18
18
5
4
4
2
5
10
10
10
10
10
10
10
10
10
10
10
10
10
10
10
10
10
1
10
2
12
24
3
3
15
3
18
19
2
17
1
4
3
4
4
2
3
17
18
19
20
16
16
16
16
16
19
16
3
2
5
1
5
15
15
15
15
15
15
15
15
15
15
15
15
15
15
15
15
25
13
9
4
2
15
2
27
26
24
4
5
1
25
25
2
2
3
27
24
24
23
26
24
25
5
3
2
4
2
4
3
13
13
13
13
13
13
13
13
13
13
13
13
13
13
13
13
13
13
13
13
13
13
13
1
1
1
3
2
1
9
2
3
22
1
1
1
4
1
21
21
21
21
21
25
3
3
2
5
3
4
8
7
7
7
7
7
7
7
7
7
7
7
7
7
7
7
7
7
7
7
7
9
5
18
8
3
1
1
15
8
4
2
4
1
1
3
21
2
5
1
20
2
18
8
25
20
23
17
18
25
17
1
5
8
1
10
11
11
11
11
11
11
11
11
11
11
11
11
11
11
11
11
11
1
4
4
19
5
25
2
2
4
15
3
3
3
2
2
2
23
4
5
1
4
19
2
17
18
18
21
18
18
25
2
6
4
3
1
11
11
11
11
11
11
11
11
11
11
11
11
11
11
11
11
11
11
17
27
2
22
3
3
2
29
5
2
26
24
20
20
21
3
26
23
22
23
22
19
19
19
24
3
11
17
17
17
17
17
17
17
17
17
17
17
17
17
17
17
17
17
17
1
20
2
2
2
27
6
2
2
25
23
10
20
18
7
1
24
29
28
2
22
20
21
18
21
22
17
18
3
9
16
16
16
16
16
16
16
16
16
16
15
16
16
16
16
16
12
1
2
2
2
25
19
15
2
15
14
22
22
19
13
16
20
12
20
13
14
15
6
7
16
16
16
16
16
16
16
16
16
16
16
16
11
1
2
4
2
24
19
23
17
23
1
17
17
14
16
19
8
10
10
10
10
10
10
10
10
10
10
10
10
10
10
17
1
1
1
3
2
2
29
5
2
17
23
18
15
2
15
15
21
23
23
18
14
13
17
14
21
13
13
14
2
12
19
19
19
19
19
19
19
19
19
19
19
19
19
1
20
1
2
6
2
32
2
2
3
2
31
22
2
21
21
30
11
32
31
6
25
20
20
22
21
20
24
7
11
15
15
15
15
15
15
15
15
15
15
15
15
15
15
15
15
15
15
15
21
30
10
2
2
2
2
24
6
2
2
28
10
19
19
19
29
1
32
31
23
21
22
18
18
18
23
22
17
18
2
12
19
19
19
19
19
19
19
19
19
19
19
19
19
19
19
19
19
1
14
27
26
6
22
18
1
18
22
18
20
24
27
4
14
4
11
11
11
11
11
11
11
11
11
11
11
11
11
11
18
2
5
2
16
4
6
20
8
12
7
3
11
14
14
6
14
1
8
8
11
8
10
10
10
10
10
10
10
10
17
9
20
29
3
27
22
28
10
22
5
8
29
28
23
28
28
29
18
14
14
17
24
20
4
6
18
18
18
18
18
18
18
18
18
18
18
18
18
18
12
1
6
30
26
25
18
11
18
18
24
21
26
18
15
17
2
6
12
12
12
12
12
12
12
12
12
12
12
12
12
12
12
37
30
35
14
5
4
28
24
24
19
7
3
2
20
19
2
5
6
14
7
21
2
2
2
2
17
20
12
14
17
17
17
17
18
15
15
13
12
19
15
12
2
3
1
2
11
25
25
25
25
25
25
25
4
25
1
25
25
25
25
25
12
27
22
22
32
11
15
6
7
17
4
2
15
15
3
2
1
14
13
10
13
11
11
12
17
11
12
11
14
2
5
7
20
20
20
20
20
20
20
5
20
2
13
36
24
23
33
10
19
15
6
7
15
7
15
14
6
17
8
25
23
16
12
11
9
11
8
15
18
12
17
9
9
20
16
9
17
1
4
7
27
27
27
27
27
27
27
1
27
26
32
9
14
17
18
1
3
4
12
17
17
1
1
15
14
15
14
15
16
18
14
16
15
14
16
1
4
8
19
19
19
19
19
19
19
19
19
2
19
19
19
19
2
24
11
24
24
22
27
10
16
13
5
14
2
2
15
3
3
5
11
8
9
12
12
9
9
9
9
14
13
14
13
13
9
9
10
1
1
7
25
25
25
25
25
25
25
1
25
5
1
26
9
13
21
29
23
24
13
17
5
6
20
3
3
3
3
2
21
19
1
16
6
3
3
12
13
16
14
16
14
16
13
12
13
13
19
15
15
18
14
12
8
1
7
11
27
27
27
27
27
27
27
27
27
27
27
27
14
20
12
30
19
25
15
8
9
12
5
13
15
3
12
9
18
9
9
12
13
13
8
13
8
13
7
3
1
2
5
21
21
21
21
21
21
21
2
19
21
4
9
13
1
18
18
4
13
13
14
17
12
16
12
13
17
11
3
2
14
14
14
14
14
14
14
14
14
14
14
14
6
24
10
14
29
36
29
24
30
24
13
22
17
1
5
5
16
2
7
22
23
1
6
4
11
18
18
16
15
14
15
14
20
18
19
19
14
13
10
1
1
10
26
26
26
26
26
26
26
26
26
2
26
26
20
3
10
20
11
1
4
15
3
2
4
15
20
13
1
4
3
4
6
2
14
13
10
14
10
14
10
10
13
13
10
15
7
1
2
5
2
2
7
18
18
18
18
18
18
1
18
18
18
18
20
28
35
29
23
21
6
5
25
25
16
9
4
2
7
14
3
3
9
19
23
2
4
19
22
15
11
24
17
17
16
12
11
11
12
21
19
20
10
16
12
23
3
2
9
28
27
27
27
27
27
27
27
27
27
2
27
3
18
19
23
34
30
20
17
3
15
17
1
20
7
15
2
2
3
17
20
2
4
10
2
5
12
15
17
16
18
17
14
13
14
12
15
17
16
17
14
25
1
12
27
27
27
27
27
27
27
27
27
2
27
27
27
1
10
9
1
16
13
11
6
9
14
14
4
9
2
4
8
9
16
12
9
17
19
11
9
10
12
11
9
10
1
3
8
20
20
20
20
20
20
20
20
1
23
4
25
10
31
21
21
1
18
18
2
5
15
1
17
2
4
5
6
6
13
14
9
13
8
12
11
11
12
8
8
21
15
14
8
5
21
21
21
21
21
21
21
16
10
13
3
12
9
10
8
6
16
4
27
19
11
8
6
7
7
7
7
7
5
7
7
15
19
7
9
8
24
24
24
24
24
24
13
21
21
19
17
19
3
22
25
27
4
32
23
24
21
17
16
16
15
15
15
9
19
19
19
19
19
19
19
19
19
19
19
19
19
19
2
14
12
3
4
17
14
13
13
18
11
8
6
9
12
11
9
9
10
9
1
4
14
14
14
14
13
14
14
14
14
4
12
15
42
24
39
29
1
15
17
5
21
5
9
7
18
1
1
14
4
3
4
1
14
10
14
11
14
14
14
15
16
12
12
12
13
11
15
15
14
15
14
11
10
1
6
4
9
28
28
28
28
28
28
28
28
3
28
28
3
14
26
35
21
4
15
13
5
17
16
3
2
3
11
1
27
10
13
11
14
13
10
11
15
15
12
16
7
22
22
11
11
9
7
6
1
1
5
22
22
24
23
23
23
23
1
24
23
24
1
15
10
24
19
15
13
15
5
6
3
2
4
3
2
15
13
4
3
4
14
10
10
11
11
12
10
10
10
10
13
12
13
12
13
10
1
1
8
5
3
5
12
22
22
22
22
22
22
22
22
22
2
22
2
35
33
11
4
3
20
21
19
6
21
12
14
5
4
2
2
2
7
15
3
2
5
13
18
9
12
12
12
12
9
9
9
14
13
11
14
12
8
1
6
10
24
24
24
24
24
24
3
24
3
5
11
22
32
26
21
11
17
16
5
5
3
6
2
3
15
18
1
3
4
34
4
27
14
9
14
14
10
15
12
11
11
12
16
14
13
11
9
11
1
3
10
25
25
25
25
25
25
25
25
2
25
14
20
7
8
16
12
2
2
3
2
10
1
3
2
4
10
8
6
6
6
9
9
11
11
10
9
6
7
2
9
1
7
17
17
17
2
17
17
5
12
33
21
30
24
15
15
14
6
8
5
1
15
2
3
12
8
8
15
13
13
13
14
10
9
10
10
9
15
12
11
8
7
1
3
3
8
24
24
24
24
24
24
3
24
24
4
2
9
25
16
16
18
12
11
13
6
4
5
3
3
4
13
15
3
3
10
7
8
10
8
10
9
7
8
2
7
2
10
17
17
17
17
17
17
17
1
1
22
16
35
9
20
17
16
4
6
5
25
25
19
15
22
20
23
22
36
16
14
14
14
14
17
15
14
10
21
21
21
21
21
21
21
21
21
21
21
20
14
23
15
14
10
4
10
4
4
19
9
14
31
29
17
29
10
20
10
14
14
16
23
7
13
11
10
20
20
20
20
20
20
20
